templates/RESULT.grd
DSAA
71 51 
13563000 13577000 
6737000 6747000 
28.11 8.75 
[rows 0 to 37 of 51, columns 0 to 70 of 71]
11.31 11.42 11.53 11.65 11.75 11.86 11.96 12.06 12.16 12.25 12.33 12.41 12.49 12.56 12.62 12.68 12.73 12.77 12.8 12.83 12.85 12.87 12.88 12.88 12.87 12.86 12.84 12.81 12.78 12.75 12.71 12.67 12.62 12.57 12.52 12.46 12.4 12.34 12.27 12.2 12.13 12.06 11.99 11.91 11.83 11.75 11.66 11.57 11.48 11.39 11.29 11.19 11.08 10.98 10.87 10.75 10.64 10.52 10.4 10.28 10.16 10.04 9.92 9.8 9.67 9.55 9.43 9.31 9.2 9.08 8.96
11.45 11.57 11.69 11.81 11.92 12.04 12.14 12.25 12.35 12.44 12.53 12.62 12.7 12.77 12.84 12.9 12.95 12.99 13.03 13.06 13.08 13.1 13.1 13.1 13.09 13.08 13.06 13.03 13 12.96 12.92 12.87 12.82 12.77 12.71 12.65 12.59 12.52 12.45 12.38 12.31 12.24 12.16 12.08 12 11.92 11.83 11.74 11.65 11.55 11.45 11.34 11.23 11.12 11.01 10.89 10.77 10.65 10.53 10.4 10.27 10.15 10.02 9.9 9.77 9.64 9.52 9.4 9.27 9.15 9.03
11.6 11.73 11.86 11.98 12.1 12.22 12.33 12.44 12.55 12.65 12.74 12.83 12.92 12.99 13.06 13.13 13.18 13.23 13.27 13.3 13.32 13.33 13.34 13.33 13.32 13.31 13.28 13.25 13.22 13.18 13.13 13.08 13.03 12.97 12.91 12.84 12.78 12.71 12.64 12.57 12.49 12.42 12.34 12.26 12.17 12.09 12 11.91 11.81 11.71 11.61 11.5 11.39 11.27 11.15 11.03 10.91 10.78 10.65 10.52 10.39 10.26 10.12 9.99 9.86 9.73 9.61 9.48 9.35 9.23 9.11
11.76 11.89 12.02 12.15 12.27 12.4 12.52 12.64 12.75 12.85 12.96 13.05 13.14 13.22 13.3 13.36 13.42 13.47 13.51 13.54 13.56 13.57 13.58 13.57 13.56 13.54 13.52 13.48 13.44 13.4 13.35 13.29 13.23 13.17 13.11 13.04 12.97 12.9 12.83 12.75 12.67 12.6 12.52 12.43 12.35 12.26 12.17 12.08 11.98 11.88 11.77 11.66 11.55 11.43 11.3 11.17 11.04 10.91 10.78 10.64 10.5 10.36 10.23 10.09 9.96 9.82 9.69 9.56 9.43 9.3 9.18
11.91 12.05 12.19 12.32 12.45 12.58 12.71 12.84 12.95 13.07 13.18 13.28 13.37 13.46 13.54 13.61 13.67 13.72 13.76 13.79 13.81 13.83 13.83 13.82 13.81 13.78 13.75 13.72 13.67 13.62 13.57 13.51 13.44 13.38 13.31 13.24 13.16 13.09 13.01 12.94 12.86 12.78 12.7 12.61 12.53 12.44 12.35 12.26 12.16 12.05 11.94 11.83 11.71 11.58 11.45 11.32 11.18 11.04 10.9 10.76 10.62 10.47 10.33 10.19 10.05 9.91 9.77 9.64 9.5 9.37 9.24
12.06 12.21 12.35 12.5 12.64 12.77 12.91 13.04 13.17 13.29 13.4 13.51 13.61 13.7 13.79 13.86 13.93 13.98 14.02 14.06 14.08 14.09 14.09 14.08 14.06 14.04 14 13.96 13.91 13.85 13.79 13.73 13.66 13.59 13.51 13.44 13.36 13.28 13.2 13.12 13.04 12.96 12.88 12.8 12.71 12.62 12.53 12.44 12.34 12.23 12.12 12 11.88 11.75 11.61 11.47 11.33 11.18 11.03 10.88 10.73 10.58 10.43 10.29 10.14 10 9.85 9.71 9.58 9.44 9.31
12.22 12.37 12.52 12.67 12.82 12.97 13.11 13.25 13.38 13.51 13.64 13.75 13.86 13.96 14.05 14.13 14.2 14.25 14.3 14.33 14.35 14.36 14.36 14.35 14.33 14.29 14.25 14.21 14.15 14.09 14.02 13.95 13.88 13.8 13.72 13.64 13.56 13.48 13.4 13.31 13.23 13.15 13.07 12.98 12.9 12.81 12.72 12.62 12.52 12.42 12.3 12.18 12.05 11.91 11.77 11.62 11.47 11.32 11.16 11 10.85 10.69 10.53 10.38 10.23 10.08 9.93 9.79 9.65 9.51 9.37
12.38 12.54 12.7 12.85 13.01 13.17 13.32 13.46 13.61 13.75 13.88 14 14.12 14.22 14.32 14.4 14.48 14.54 14.58 14.62 14.64 14.65 14.64 14.63 14.6 14.56 14.51 14.46 14.4 14.33 14.26 14.18 14.1 14.02 13.93 13.85 13.76 13.67 13.59 13.5 13.42 13.33 13.25 13.17 13.08 13 12.91 12.81 12.72 12.61 12.49 12.37 12.23 12.09 11.94 11.78 11.62 11.46 11.29 11.12 10.96 10.8 10.63 10.47 10.32 10.16 10.01 9.86 9.72 9.57 9.44
12.53 12.7 12.87 13.04 13.2 13.37 13.53 13.68 13.84 13.99 14.13 14.26 14.38 14.5 14.6 14.69 14.77 14.83 14.88 14.92 14.94 14.94 14.94 14.91 14.88 14.84 14.78 14.72 14.65 14.58 14.5 14.41 14.32 14.23 14.14 14.05 13.96 13.87 13.78 13.69 13.61 13.52 13.44 13.36 13.27 13.19 13.1 13.01 12.92 12.81 12.69 12.56 12.42 12.27 12.11 11.94 11.77 11.6 11.42 11.25 11.07 10.9 10.73 10.56 10.4 10.24 10.09 9.93 9.78 9.64 9.49
12.69 12.86 13.04 13.22 13.39 13.57 13.74 13.91 14.07 14.23 14.38 14.53 14.66 14.78 14.9 14.99 15.08 15.14 15.2 15.23 15.25 15.25 15.24 15.22 15.18 15.13 15.06 14.99 14.91 14.83 14.74 14.65 14.55 14.45 14.35 14.25 14.16 14.06 13.97 13.88 13.79 13.71 13.62 13.54 13.46 13.39 13.3 13.22 13.12 13.02 12.9 12.77 12.62 12.46 12.29 12.11 11.93 11.74 11.55 11.37 11.18 11 10.83 10.65 10.48 10.32 10.16 10 9.85 9.7 9.55
12.84 13.03 13.22 13.4 13.59 13.77 13.96 14.14 14.31 14.48 14.65 14.8 14.95 15.08 15.2 15.31 15.4 15.47 15.53 15.56 15.58 15.58 15.56 15.53 15.48 15.42 15.35 15.27 15.18 15.09 14.99 14.88 14.78 14.67 14.56 14.46 14.35 14.25 14.16 14.06 13.97 13.89 13.81 13.73 13.66 13.58 13.51 13.43 13.34 13.25 13.13 13 12.84 12.67 12.48 12.29 12.09 11.88 11.68 11.48 11.29 11.1 10.92 10.74 10.56 10.39 10.22 10.06 9.91 9.75 9.6
13 13.19 13.39 13.59 13.78 13.98 14.18 14.37 14.56 14.74 14.92 15.09 15.25 15.4 15.53 15.64 15.74 15.82 15.88 15.91 15.93 15.92 15.9 15.86 15.8 15.73 15.65 15.56 15.46 15.35 15.24 15.12 15.01 14.89 14.77 14.66 14.55 14.44 14.34 14.24 14.15 14.07 13.99 13.91 13.85 13.78 13.72 13.65 13.58 13.49 13.38 13.24 13.07 12.89 12.68 12.46 12.24 12.03 11.81 11.6 11.39 11.19 11 10.81 10.63 10.46 10.29 10.12 9.96 9.8 9.65
13.15 13.36 13.56 13.77 13.98 14.19 14.4 14.61 14.81 15.01 15.2 15.39 15.56 15.72 15.87 15.99 16.1 16.18 16.25 16.28 16.3 16.29 16.26 16.21 16.14 16.05 15.96 15.85 15.74 15.62 15.49 15.36 15.24 15.11 14.98 14.86 14.74 14.63 14.52 14.42 14.32 14.24 14.16 14.09 14.03 13.98 13.93 13.88 13.83 13.75 13.65 13.51 13.33 13.12 12.89 12.65 12.4 12.16 11.93 11.71 11.49 11.28 11.08 10.89 10.7 10.52 10.35 10.18 10.01 9.85 9.7
13.3 13.52 13.73 13.95 14.18 14.4 14.62 14.85 15.07 15.28 15.5 15.7 15.89 16.07 16.23 16.37 16.48 16.57 16.64 16.68 16.69 16.67 16.63 16.57 16.49 16.39 16.28 16.16 16.02 15.89 15.75 15.61 15.46 15.32 15.19 15.05 14.93 14.81 14.69 14.59 14.49 14.4 14.33 14.26 14.21 14.17 14.14 14.12 14.09 14.05 13.97 13.82 13.62 13.38 13.1 12.83 12.56 12.3 12.05 11.81 11.58 11.36 11.16 10.96 10.76 10.58 10.4 10.23 10.06 9.9 9.74
13.45 13.67 13.9 14.14 14.37 14.61 14.85 15.09 15.33 15.56 15.8 16.02 16.23 16.43 16.6 16.76 16.89 16.99 17.06 17.1 17.11 17.08 17.03 16.95 16.85 16.74 16.61 16.47 16.32 16.16 16.01 15.85 15.69 15.54 15.39 15.24 15.11 14.98 14.86 14.75 14.64 14.56 14.48 14.42 14.38 14.35 14.34 14.36 14.38 14.39 14.34 14.2 13.96 13.65 13.33 13.01 12.7 12.42 12.15 11.9 11.66 11.44 11.22 11.02 10.82 10.63 10.45 10.27 10.1 9.94 9.78
13.59 13.83 14.07 14.32 14.57 14.82 15.08 15.33 15.59 15.85 16.1 16.35 16.58 16.8 17.01 17.18 17.33 17.44 17.52 17.55 17.55 17.52 17.45 17.36 17.24 17.1 16.95 16.79 16.62 16.44 16.27 16.09 15.92 15.75 15.59 15.43 15.28 15.14 15.01 14.89 14.79 14.7 14.62 14.56 14.52 14.51 14.53 14.58 14.67 14.78 14.82 14.69 14.36 13.95 13.54 13.17 12.83 12.52 12.24 11.98 11.73 11.5 11.28 11.07 10.87 10.67 10.49 10.31 10.14 9.97 9.81
13.73 13.98 14.23 14.49 14.76 15.03 15.3 15.58 15.86 16.14 16.42 16.69 16.95 17.2 17.43 17.63 17.8 17.93 18.01 18.05 18.04 17.99 17.9 17.79 17.64 17.48 17.3 17.11 16.92 16.72 16.52 16.33 16.14 15.95 15.77 15.61 15.44 15.3 15.16 15.03 14.92 14.82 14.74 14.68 14.65 14.64 14.68 14.77 14.94 15.23 15.48 15.41 14.85 14.22 13.71 13.29 12.93 12.6 12.31 12.04 11.78 11.55 11.32 11.11 10.91 10.71 10.52 10.34 10.17 10 9.84
13.86 14.12 14.39 14.66 14.94 15.23 15.52 15.82 16.13 16.43 16.74 17.04 17.34 17.62 17.88 18.12 18.31 18.46 18.55 18.59 18.57 18.5 18.39 18.24 18.07 17.87 17.67 17.45 17.23 17 16.78 16.56 16.35 16.15 15.96 15.77 15.6 15.44 15.29 15.15 15.03 14.93 14.84 14.78 14.74 14.73 14.77 14.87 15.08 15.53 16.15 16.82 15.19 14.36 13.8 13.36 12.98 12.65 12.35 12.08 11.82 11.58 11.36 11.14 10.94 10.74 10.55 10.37 10.2 10.03 9.86
13.99 14.26 14.54 14.82 15.12 15.42 15.74 16.06 16.39 16.72 17.06 17.4 17.74 18.06 18.37 18.64 18.87 19.04 19.15 19.18 19.14 19.05 18.9 18.72 18.51 18.28 18.04 17.79 17.53 17.28 17.03 16.79 16.56 16.34 16.13 15.93 15.74 15.57 15.41 15.26 15.13 15.02 14.93 14.85 14.8 14.79 14.81 14.88 15.03 15.25 15.44 15.37 14.87 14.28 13.78 13.36 13 12.67 12.38 12.1 11.85 11.61 11.38 11.17 10.96 10.76 10.57 10.39 10.22 10.05 9.88
14.11 14.39 14.68 14.98 15.29 15.61 15.95 16.29 16.65 17.01 17.38 17.76 18.14 18.52 18.88 19.21 19.49 19.7 19.82 19.84 19.78 19.65 19.46 19.23 18.98 18.7 18.42 18.13 17.84 17.55 17.28 17.01 16.76 16.52 16.29 16.07 15.87 15.68 15.51 15.36 15.22 15.09 14.99 14.9 14.84 14.8 14.79 14.82 14.87 14.94 14.95 14.81 14.5 14.09 13.69 13.32 12.98 12.66 12.38 12.11 11.86 11.62 11.39 11.18 10.97 10.78 10.59 10.41 10.23 10.06 9.9
14.22 14.51 14.81 15.12 15.45 15.79 16.14 16.51 16.89 17.29 17.7 18.12 18.56 18.99 19.42 19.83 20.19 20.45 20.58 20.59 20.49 20.3 20.06 19.77 19.46 19.13 18.8 18.47 18.14 17.82 17.51 17.22 16.94 16.68 16.43 16.2 15.99 15.79 15.6 15.43 15.28 15.15 15.03 14.93 14.84 14.78 14.74 14.72 14.71 14.68 14.61 14.45 14.2 13.89 13.56 13.24 12.93 12.63 12.36 12.1 11.85 11.62 11.4 11.18 10.98 10.78 10.6 10.41 10.24 10.07 9.9
14.31 14.61 14.93 15.25 15.6 15.95 16.33 16.72 17.13 17.56 18.01 18.47 18.96 19.47 19.99 20.51 20.97 21.32 21.49 21.46 21.28 21.01 20.69 20.34 19.96 19.57 19.18 18.8 18.43 18.07 17.74 17.42 17.11 16.83 16.57 16.32 16.09 15.87 15.68 15.5 15.33 15.18 15.05 14.93 14.83 14.75 14.68 14.61 14.55 14.47 14.35 14.19 13.97 13.71 13.43 13.14 12.86 12.58 12.32 12.07 11.84 11.61 11.39 11.18 10.98 10.78 10.6 10.42 10.24 10.07 9.91
14.4 14.71 15.03 15.37 15.73 16.1 16.49 16.9 17.34 17.8 18.29 18.81 19.35 19.94 20.56 21.22 21.88 22.37 22.61 22.47 22.15 21.77 21.36 20.93 20.47 20.01 19.56 19.12 18.71 18.31 17.94 17.59 17.27 16.96 16.68 16.42 16.17 15.94 15.73 15.54 15.36 15.2 15.06 14.92 14.81 14.7 14.6 14.5 14.41 14.29 14.16 13.99 13.78 13.55 13.3 13.04 12.78 12.52 12.28 12.04 11.81 11.59 11.37 11.17 10.97 10.78 10.59 10.41 10.24 10.07 9.91
14.47 14.79 15.12 15.47 15.84 16.23 16.64 17.07 17.53 18.02 18.55 19.11 19.71 20.36 21.08 21.9 22.98 23.56 24.47 23.59 23.06 22.57 22.06 21.53 20.99 20.44 19.92 19.43 18.96 18.53 18.12 17.75 17.4 17.07 16.77 16.5 16.24 16 15.78 15.57 15.38 15.21 15.05 14.9 14.77 14.64 14.52 14.4 14.28 14.14 13.99 13.82 13.62 13.4 13.17 12.94 12.7 12.46 12.22 11.99 11.77 11.56 11.35 11.15 10.95 10.76 10.58 10.4 10.23 10.07 9.9
14.53 14.86 15.2 15.55 15.93 16.33 16.76 17.21 17.69 18.21 18.76 19.36 20.02 20.73 21.51 22.4 23.44 24.54 24.88 24.59 23.95 23.39 22.79 22.15 21.49 20.86 20.26 19.7 19.18 18.71 18.27 17.87 17.5 17.16 16.85 16.56 16.28 16.03 15.8 15.59 15.39 15.2 15.03 14.87 14.72 14.57 14.44 14.3 14.16 14.01 13.85 13.67 13.48 13.28 13.06 12.84 12.61 12.39 12.16 11.94 11.73 11.52 11.32 11.12 10.93 10.75 10.57 10.39 10.22 10.06 9.9
14.58 14.91 15.25 15.62 16 16.41 16.85 17.32 17.82 18.36 18.94 19.57 20.26 21.02 21.85 22.76 23.75 24.7 25.13 25.15 24.8 24.27 23.57 22.78 21.98 21.23 20.55 19.92 19.36 18.85 18.39 17.97 17.58 17.23 16.9 16.59 16.31 16.05 15.81 15.59 15.38 15.18 15 14.83 14.66 14.51 14.35 14.2 14.05 13.89 13.72 13.55 13.36 13.16 12.95 12.74 12.53 12.31 12.1 11.89 11.68 11.48 11.28 11.09 10.9 10.72 10.55 10.37 10.21 10.04 9.88
14.61 14.94 15.29 15.66 16.05 16.47 16.91 17.39 17.9 18.46 19.06 19.72 20.45 21.24 22.1 23.03 23.97 24.84 25.5 25.86 25.85 25.32 24.46 23.41 22.42 21.54 20.77 20.09 19.49 18.96 18.47 18.03 17.63 17.26 16.92 16.61 16.32 16.05 15.8 15.57 15.35 15.15 14.96 14.77 14.6 14.43 14.27 14.11 13.95 13.78 13.61 13.43 13.24 13.05 12.85 12.65 12.44 12.24 12.03 11.83 11.63 11.43 11.24 11.06 10.87 10.69 10.52 10.35 10.18 10.02 9.87
14.62 14.95 15.31 15.68 16.07 16.5 16.95 17.43 17.95 18.52 19.13 19.81 20.56 21.39 22.29 23.26 24.26 25.22 26.16 26.89 27.31 26.63 25.51 23.96 22.73 21.74 20.9 20.19 19.56 19 18.5 18.05 17.64 17.27 16.92 16.6 16.31 16.03 15.78 15.54 15.31 15.1 14.9 14.71 14.53 14.36 14.18 14.02 13.85 13.67 13.5 13.32 13.14 12.95 12.75 12.56 12.36 12.16 11.96 11.77 11.58 11.39 11.2 11.02 10.84 10.66 10.49 10.32 10.16 10 9.85
14.62 14.95 15.3 15.68 16.07 16.49 16.95 17.43 17.95 18.52 19.14 19.83 20.59 21.45 22.41 23.48 24.59 25.64 26.72 27.78 27.31 28.11 26.21 24.16 22.81 21.77 20.92 20.19 19.56 18.99 18.49 18.04 17.62 17.24 16.9 16.57 16.27 16 15.74 15.49 15.26 15.05 14.84 14.65 14.46 14.28 14.1 13.92 13.75 13.57 13.4 13.22 13.03 12.85 12.66 12.47 12.28 12.09 11.89 11.7 11.52 11.33 11.15 10.97 10.8 10.62 10.46 10.29 10.13 9.98 9.82
14.6 14.93 15.28 15.65 16.05 16.46 16.91 17.39 17.91 18.47 19.09 19.77 20.54 21.4 22.41 23.63 25.01 26.12 26.75 27.03 26.75 26.54 25.3 23.82 22.62 21.64 20.81 20.1 19.48 18.93 18.43 17.98 17.57 17.19 16.84 16.52 16.22 15.94 15.68 15.43 15.2 14.98 14.77 14.57 14.38 14.19 14.01 13.83 13.65 13.47 13.3 13.12 12.94 12.75 12.57 12.38 12.2 12.01 11.82 11.64 11.46 11.28 11.1 10.92 10.75 10.58 10.42 10.26 10.1 9.95 9.8
14.56 14.89 15.24 15.61 15.99 16.4 16.84 17.32 17.82 18.37 18.97 19.64 20.38 21.22 22.22 23.49 25.74 26.23 26.36 26.99 25.72 25.04 24.17 23.16 22.2 21.35 20.6 19.93 19.34 18.81 18.32 17.88 17.48 17.11 16.77 16.45 16.15 15.87 15.61 15.36 15.12 14.9 14.69 14.49 14.29 14.1 13.92 13.73 13.55 13.38 13.2 13.02 12.84 12.66 12.48 12.3 12.11 11.93 11.75 11.57 11.39 11.22 11.04 10.87 10.71 10.54 10.38 10.22 10.07 9.91 9.77
14.51 14.84 15.18 15.54 15.92 16.32 16.75 17.2 17.69 18.22 18.8 19.43 20.12 20.9 21.78 22.81 23.86 24.55 24.84 24.82 24.42 23.86 23.19 22.44 21.68 20.95 20.29 19.69 19.14 18.64 18.18 17.75 17.36 17 16.66 16.35 16.06 15.78 15.52 15.27 15.04 14.82 14.6 14.4 14.2 14.01 13.82 13.64 13.46 13.28 13.1 12.92 12.74 12.57 12.39 12.21 12.03 11.85 11.68 11.5 11.33 11.16 10.99 10.82 10.66 10.5 10.34 10.18 10.03 9.88 9.73
14.45 14.77 15.1 15.45 15.82 16.21 16.62 17.06 17.53 18.03 18.57 19.15 19.78 20.46 21.21 21.99 22.79 23.23 23.44 23.43 23.2 22.8 22.29 21.71 21.1 20.5 19.93 19.39 18.89 18.42 17.99 17.59 17.22 16.87 16.54 16.23 15.95 15.67 15.42 15.17 14.94 14.72 14.51 14.3 14.1 13.91 13.72 13.54 13.36 13.18 13 12.82 12.65 12.47 12.3 12.12 11.95 11.78 11.6 11.43 11.26 11.1 10.93 10.77 10.61 10.45 10.29 10.14 9.99 9.84 9.7
14.37 14.68 15 15.34 15.7 16.07 16.47 16.88 17.33 17.8 18.29 18.82 19.38 19.97 20.58 21.18 21.72 22.09 22.28 22.29 22.14 21.85 21.46 21.01 20.52 20.02 19.53 19.05 18.6 18.18 17.78 17.4 17.04 16.71 16.4 16.1 15.82 15.55 15.3 15.06 14.83 14.61 14.4 14.2 14 13.81 13.62 13.44 13.26 13.08 12.9 12.73 12.55 12.38 12.21 12.04 11.87 11.7 11.53 11.36 11.19 11.03 10.87 10.71 10.55 10.4 10.24 10.09 9.95 9.8 9.66
14.28 14.58 14.89 15.22 15.56 15.92 16.29 16.69 17.1 17.53 17.99 18.46 18.96 19.46 19.96 20.43 20.83 21.12 21.28 21.31 21.21 21 20.7 20.34 19.95 19.53 19.11 18.69 18.29 17.9 17.54 17.18 16.85 16.54 16.24 15.95 15.68 15.42 15.18 14.94 14.72 14.5 14.29 14.09 13.89 13.7 13.52 13.33 13.15 12.98 12.8 12.63 12.46 12.29 12.12 11.95 11.78 11.62 11.45 11.29 11.12 10.96 10.81 10.65 10.5 10.34 10.19 10.05 9.9 9.76 9.62
14.17 14.46 14.76 15.08 15.4 15.75 16.1 16.47 16.85 17.25 17.67 18.09 18.52 18.95 19.36 19.74 20.05 20.29 20.42 20.46 20.39 20.23 20 19.72 19.39 19.05 18.69 18.32 17.97 17.62 17.28 16.95 16.64 16.34 16.06 15.79 15.53 15.28 15.04 14.81 14.59 14.38 14.17 13.97 13.78 13.59 13.41 13.23 13.05 12.87 12.7 12.53 12.36 12.19 12.03 11.86 11.7 11.53 11.37 11.21 11.05 10.9 10.74 10.59 10.44 10.29 10.14 10 9.85 9.71 9.58
14.06 14.34 14.63 14.93 15.24 15.56 15.89 16.24 16.59 16.96 17.33 17.71 18.08 18.45 18.79 19.1 19.36 19.56 19.67 19.7 19.66 19.54 19.36 19.13 18.86 18.57 18.26 17.95 17.63 17.32 17.01 16.71 16.42 16.14 15.87 15.61 15.36 15.12 14.89 14.67 14.46 14.25 14.05 13.85 13.66 13.48 13.29 13.12 12.94 12.77 12.6 12.43 12.26 12.1 11.93 11.77 11.61 11.45 11.29 11.14 10.98 10.83 10.68 10.53 10.38 10.23 10.09 9.94 9.8 9.67 9.53
13.93 14.2 14.48 14.76 15.06 15.36 15.67 16 16.32 16.66 16.99 17.33 17.65 17.97 18.26 18.52 18.74 18.9 19 19.03 19 18.91 18.77 18.58 18.36 18.11 17.85 17.57 17.29 17.01 16.73 16.45 16.19 15.93 15.67 15.43 15.19 14.96 14.74 14.52 14.32 14.11 13.92 13.73 13.54 13.36 13.18 13 12.83 12.66 12.49 12.33 12.16 12 11.84 11.68 11.52 11.37 11.21 11.06 10.91 10.76 10.61 10.46 10.32 10.17 10.03 9.89 9.75 9.62 9.48
